335	335	3
335	349	6
334	335	9
335	335	12
338	338	15
335	334	18
338	335	21
335	335	24
335	338	27
37	37	30
37	335	33
335	335	36
335	0	39
339	339	42
339	335	45
335	335	48
335	339	51
61	61	54
61	335	57
335	335	60
335	0	63
340	340	66
340	335	69
335	335	72
341	341	75
335	334	78
341	335	81
341	348	84
335	335	87
335	341	90
100	100	93
100	335	96
335	335	99
335	0	102
342	342	105
342	335	108
335	335	111
335	342	114
124	124	117
124	335	120
335	335	123
335	0	126
343	343	129
343	335	132
335	335	135
344	344	138
335	334	141
344	335	144
344	348	147
344	348	150
335	335	153
335	344	156
166	166	159
166	335	162
335	335	165
335	0	168
345	345	171
345	335	174
336	336	177
336	339	180
337	337	183
337	347	186
336	337	243
337	337	192
337	336	243
336	336	198
336	342	201
337	337	204
337	347	207
336	337	243
337	337	213
337	336	243
336	336	219
336	345	222
337	337	225
337	347	228
336	337	243
337	337	234
337	336	243
335	335	240
335	346	331
340	343	246
335	335	249
335	339	252
271	271	255
271	335	258
268	268	261
261
268	335	265
269	335	268
0	0	271
0	335	274
336	336	277
336	340	280
337	337	283
337	347	286
337	336	310
335	335	292
335	346	295
335	346	298
335	346	301
334	335	304
335	335	307
335	346	9
335	335	313
335	349	316
335	345	319
334	334	322
334	335	325
335	335	328
335	346	9
0	0	0
0
0
0
0
0
0
0
0
0
0
0
0
1
0
-1
350
